Unnamed: 0,train_loss_mean,train_loss_std,train_acc_mean,train_acc_std,test_loss_mean,test_loss_std,test_acc_mean,test_acc_std
0,2.5482664980888368,0.09204120515973488,0.10315666666666667,0.004761206403817532,483.2776054382324,251.9686756532218,0.10147999999999999,0.00389010139827857
1,8.690981145858766,2.156460421928124,0.137095,0.03957919475440862,649.5617548370361,701.5256060055556,0.12105000000000002,0.030081638918117472
2,9.80422572183609,3.108270201426702,0.2505,0.05712370051470603,1550.1074363594057,2607.5552165520653,0.1452,0.06487591575033408
3,9.882967328071594,2.891572734155045,0.2875983333333334,0.0861168103669532,1206.6196777610778,1408.4283650557215,0.14877,0.05619640261321598
4,9.41402962589264,1.5918639293273433,0.217015,0.06909176776908223,5988.816875442504,17058.619188098557,0.12212999999999999,0.028266039694304534
5,7.119706206321716,2.80011015296722,0.25375833333333336,0.09517572774208018,225.61802386045457,171.58165862246508,0.16873,0.06964041052275452
6,7.595789946556091,4.60612992072494,0.24269666666666664,0.11094601451067301,146.70806612300873,330.47973954439533,0.22159,0.08599734427424037
7,5.93416341137886,3.482065235624698,0.29605166666666666,0.11648966717542793,408.68785611414916,734.7299578959736,0.28659,0.11754385895391464
8,3.2989585756063464,1.4835452864357919,0.346825,0.10322137640186888,17.033022898435593,24.84006734218181,0.32165,0.12336135042134459
9,3.0313315836191173,1.386632077297324,0.36690666666666666,0.12319013263154552,42.951238310098645,93.04706148135574,0.32073,0.15782809248602664
10,2.6584597156047822,1.377814282928301,0.39640166666666665,0.12423541508406977,8.527254304409029,15.733334608745407,0.3726999999999999,0.12508391849740985
11,1.966140494465828,0.7273656229748857,0.41993833333333325,0.1295374487180073,2.4038873064517974,1.7482348036273994,0.46493,0.13288902680223239
12,1.8349363552331923,0.6861285585328027,0.4723183333333333,0.14327918495926964,1.767492162704468,0.9343726722419552,0.48386000000000007,0.15228222483270987
13,1.6536824948191644,0.7851334917024743,0.5026416666666667,0.14900283207392195,914.2148450254201,2877.5785014562052,0.49351,0.18088022709946924
14,1.6282710263133051,0.9017770812888457,0.519885,0.15902790819014545,3.1546964671611786,4.695714151433132,0.5376399999999999,0.14755326119367504
15,1.5164532192945477,0.9007388390580746,0.5543216666666667,0.16492831870763858,1.4991928886175157,1.0174741722040876,0.5650599999999999,0.15062947328535087
16,1.3209635863304137,0.6412306697774798,0.58743,0.16121219870824194,1.8118924804925918,1.7349783601936695,0.58978,0.1474577137125533
17,1.3451670642495155,0.8819325945741973,0.5849116666666667,0.15894278457520028,2.15905479311943,3.022470481555545,0.61188,0.14148077843532905
18,1.2535978951454163,0.7458520346510888,0.618135,0.14800008893265598,1.1538617606163026,0.5904675203515191,0.63323,0.13392881235110607
19,1.1128421614766117,0.5410659176092346,0.63142,0.14837297967879948,1.0371827235221864,0.4379514814742637,0.6363400000000001,0.14546484264056536
20,1.005961351275444,0.4216205405656093,0.6483466666666666,0.13455066460511822,0.9893187901973726,0.4332578852578822,0.65361,0.12690289769916382
21,0.9678565321266653,0.44164137383487606,0.662045,0.13089072250413444,1.2322134290933608,1.2471956857329745,0.6714900000000001,0.11299408489926462
22,0.960854760468006,0.496141975434973,0.675885,0.11994341372878117,0.9061713999509811,0.3831541532759557,0.68564,0.11006238836829471
23,0.9037181479036809,0.42786768127567304,0.6918000000000001,0.11053396327390526,0.8980506928563118,0.4262392244772295,0.6946200000000001,0.10598818382777915
24,0.9203644184768199,0.5395323634797379,0.7021766666666666,0.10603798213056011,0.8915770623087882,0.4516145422484636,0.70286,0.09604997773150302
25,0.8689526413679124,0.4515024671403326,0.7085300000000001,0.09876179716999338,0.8794979486465454,0.42506156177610377,0.7014,0.10496796336660694
26,0.8554053927063942,0.4369174460969684,0.7089666666666666,0.103043064831538,0.7995089378356932,0.2856906767418691,0.7139800000000001,0.09288200160538218
27,0.7912959381639958,0.3195578718394249,0.7279016666666667,0.08450633347949812,0.7806327072381972,0.264360218859399,0.7201299999999999,0.08581171960881695
28,0.7584536702632904,0.28695764481897446,0.7316666666666667,0.08123974009295183,0.7883473363518715,0.27846225348624504,0.72631,0.0704404941934838
29,0.7712589428126811,0.32905725706469535,0.7339916666666666,0.07405795872153109,0.8233893400430679,0.3589800205584176,0.73009,0.05718666219787032
30,0.7301674483716487,0.2720824558019642,0.7478250000000001,0.05898945043264666,0.7452844480872154,0.2621672311869541,0.74245,0.05746036798428017
31,0.7200988083183766,0.2887051008452909,0.7528900000000001,0.0625970521532093,0.7028826302886009,0.18493057853799605,0.7471099999999999,0.05092396183417868
32,0.6845624433159829,0.22991363555098132,0.759255,0.056852703905425836,0.6838500763773918,0.20015979964348682,0.7562599999999999,0.05469261985557709
33,0.6654902639985084,0.22945896885515332,0.7650616666666666,0.05996304780322505,0.6532124720811845,0.16353983096320432,0.7642200000000001,0.050377481742011135
34,0.6355739913582802,0.18886837118532013,0.7717866666666667,0.05570213540690242,0.642844628751278,0.1593993140772423,0.7644399999999999,0.05262378422982016
35,0.6248340680599213,0.17733228225647477,0.7737066666666668,0.05400208569360317,0.6357909593582153,0.14306097951266195,0.7688799999999999,0.046753081894851216
36,0.6090925695896148,0.15881518037265974,0.7779966666666667,0.050097793130468436,0.6449230315685273,0.15158325383105992,0.76833,0.04432385989008129
37,0.605266855597496,0.1464924048567477,0.7801966666666666,0.04705173787478029,0.6570876150131225,0.16276618523674558,0.76632,0.046083542495004536
38,0.604989031136036,0.14285611694033307,0.7785816666666667,0.04849948354695118,0.6636730650067328,0.1570538430120192,0.76393,0.04473022964891242
39,0.615070178359747,0.1464475449162781,0.7758916666666666,0.04559317840057507,0.6322576380968095,0.13013708483728814,0.76813,0.043559028914795614
40,0.5960465085208415,0.14561450463116715,0.7817716666666666,0.04475014383727487,0.608205151617527,0.12294814751778763,0.77579,0.0443984596829915
41,0.5856848445236682,0.14827447219026665,0.7854816666666666,0.04807236536440031,0.6018166289925574,0.11655626895965973,0.78001,0.04183157898047835
42,0.5780520639419555,0.14121344205243472,0.7880083333333332,0.04641562453115635,0.6039259555339813,0.13486995290672713,0.78069,0.04441269713343997
43,0.5713373804390429,0.14551767911480043,0.7895683333333332,0.05074130008139935,0.5803087596297264,0.12484315443058305,0.7866099999999999,0.04317922468554113
44,0.5453923200666905,0.12421342307590998,0.7990216666666666,0.04626377275745124,0.5700160924196244,0.11453597714268449,0.79091,0.04206298055693783
45,0.5364749591350556,0.11959066287040852,0.8038166666666667,0.043851248979214226,0.561120481312275,0.09847073516551053,0.7929999999999999,0.036218380846071964
46,0.5272193043231963,0.11030034567676315,0.8050233333333333,0.0404959243491106,0.5705568951368332,0.10356349109942908,0.7903399999999999,0.03982311444933009
47,0.5288503248095513,0.11099632101536774,0.8042616666666665,0.0417688576839518,0.5732918273806572,0.13183880349688196,0.7950499999999999,0.03814117780620369
48,0.5210613321065902,0.12469932808912877,0.8101099999999999,0.04085246052399045,0.5484922835230828,0.10798454247989799,0.7985899999999999,0.036433789262167074
49,0.5150821658670902,0.12197254202923316,0.8125549999999999,0.037339694439887924,0.5496911026239395,0.09196856915003292,0.7976599999999999,0.03110788395960814
50,0.50746330088377,0.11048700382699876,0.81311,0.03772901853356608,0.5510600472688675,0.08391497588054349,0.79474,0.034196140133061805
51,0.5057164084017276,0.10212681349014895,0.8109116666666667,0.038810030402932495,0.5442807535529137,0.08655058617573186,0.79958,0.03681282385256527
52,0.5044210529923439,0.1033411682387927,0.8105933333333333,0.043057587192210554,0.5308537546396256,0.08547763381189816,0.8027900000000001,0.03383366009694423
53,0.4961985210776329,0.10699739445605304,0.8155466666666668,0.04177091831985441,0.5424345452785492,0.08689624369259538,0.7981,0.03515236676084402
54,0.49647462752461424,0.10505406559983332,0.8150633333333334,0.041612377817835916,0.5658229096531867,0.09839713112534701,0.7906700000000001,0.04145543926247129
55,0.500267304867506,0.10619467533457724,0.8127766666666666,0.0413927240579582,0.5645543256998062,0.1108391218345439,0.7932699999999999,0.039492729288650885
56,0.4889925167858601,0.09890118099827108,0.8184549999999999,0.037961897767350414,0.5273291454315185,0.07586500838429183,0.80565,0.029248675183672853
57,0.4773471603393554,0.09058413389659814,0.8216666666666665,0.03530781922981691,0.5190503610372543,0.07496502795195134,0.80983,0.032135478835704376
58,0.47257834252715103,0.08813988552324352,0.825375,0.03605926727171308,0.5155262013673781,0.0804588448713189,0.80906,0.03325765408978143
59,0.4674820992946625,0.0938062563363604,0.8264216666666666,0.03632667289444834,0.5210976896286011,0.08654425038013909,0.8077500000000001,0.03327138410105597
60,0.46556736123561854,0.08332100991249264,0.8259333333333334,0.03360463665832846,0.5163650305271148,0.09386729203394747,0.81043,0.035842558502428366
61,0.46268506017327304,0.08432111497164903,0.8275633333333333,0.03510987849453817,0.49625396144390105,0.07019819728013704,0.81471,0.029115419740520076
62,0.45276083025336267,0.0846373045607905,0.8300933333333333,0.03514454297945226,0.5028922147750855,0.08093963260043263,0.81393,0.033766783481206306
63,0.45462203538417806,0.09027082687681845,0.8286016666666667,0.03921458884643652,0.5140470411181449,0.09020022819766212,0.8103199999999999,0.031152021514573434
64,0.45343973618745803,0.09334280351269168,0.8296616666666667,0.037153003675325695,0.5059675428867341,0.07839680326146048,0.81524,0.03075661446475104
65,0.45304751685261724,0.08690733025908216,0.8301333333333334,0.034929370534350156,0.5118767094612122,0.08757121345842596,0.8107700000000001,0.037725736867849545
66,0.4483260039985179,0.0894260325372198,0.8323683333333334,0.035250645252828255,0.5206074523925782,0.12771293455735272,0.8092699999999999,0.04358649255598951
67,0.45609832504391673,0.11294237365114672,0.8271333333333333,0.04955322117072772,0.5495883484482765,0.21342410009161075,0.80152,0.06923075424501261
68,0.4640128463357687,0.15153030178573995,0.8265550000000002,0.060349385551302405,0.5077324374914169,0.10856251994537716,0.81455,0.03981616784953348
69,0.44325543096661574,0.10186451247373907,0.8354583333333334,0.037973837850698126,0.5050309575200082,0.088347038606583,0.81246,0.03514424877874365
70,0.4464213875532151,0.10379121944424774,0.8337449999999998,0.038782883339476666,0.5032505294680595,0.08868226363725332,0.81577,0.032368401944557694
71,0.43595514354109766,0.09513466889612324,0.8377933333333333,0.036416684210522104,0.49267787826061243,0.077586654126473,0.82026,0.030841681752675765
72,0.42944893437623977,0.09238168717685742,0.8400933333333332,0.036748219239630495,0.4930210555791855,0.07995394075193717,0.81723,0.03187845144712437
73,0.42578209221363067,0.08863489964714694,0.8407083333333333,0.035346840753235215,0.5119916028380394,0.09607302591305356,0.81809,0.02981515088377422
74,0.43207946822047233,0.08355282549131098,0.8385633333333333,0.03331179100188229,0.5503537558317185,0.1599807194675482,0.80519,0.04707305079460128
75,0.4457084545493125,0.096335540353994,0.8328299999999998,0.03839272355827624,0.5504854533076285,0.18443327031142764,0.8094700000000001,0.045345538798087816
76,0.44586719132959846,0.10604595188518792,0.8345433333333334,0.04105904375498867,0.48572691017389297,0.10120293836398468,0.81996,0.042993518891417414
77,0.4271293725818396,0.09969050987321665,0.838955,0.04160368799683835,0.47344020128250125,0.09031941007594622,0.8256,0.035959421574880766
78,0.4243559334278107,0.10403396153571019,0.84124,0.04202059254140599,0.45638930326700206,0.0743845932728429,0.83084,0.031011223774627138
79,0.4095614745020867,0.08868143767067242,0.8471966666666667,0.03496033802136216,0.45023870241642,0.07359827437432474,0.83414,0.030994271872216813
80,0.40546748828887935,0.08910767749279906,0.8491316666666666,0.03581032719692206,0.45398854887485507,0.0669182211931411,0.8326100000000002,0.027348875662447276
81,0.4011777911037206,0.08422464705848619,0.8509533333333333,0.03315135585555633,0.46592167550325403,0.07413930218468744,0.8282400000000001,0.03349866332324984
82,0.40394102005660526,0.08120906329146786,0.848015,0.03299557438524667,0.4910365686416626,0.11425199137771544,0.8219100000000001,0.035579627441681964
83,0.4105226535648107,0.09506778061786972,0.8463383333333334,0.03666659347635794,0.5178273727297784,0.13825467297252486,0.81096,0.04976065380063516
84,0.41426579628884797,0.07919329492125622,0.8444066666666666,0.032525658627240786,0.4987242695093155,0.08700697305620303,0.81705,0.032045497170256065
85,0.4192784151583909,0.07791192429808616,0.84299,0.03020003904011863,0.5068469220399857,0.11129976389979766,0.81792,0.036621663291311904
86,0.4194345290660858,0.07925784612092944,0.8430500000000001,0.03120875549830664,0.4861102079749108,0.11478759972919121,0.82462,0.03540197106879155
87,0.4113906511813402,0.08325226319176238,0.84605,0.03279366752331353,0.4534749126434326,0.07407547453422593,0.8333299999999999,0.03095599206041451
88,0.39780555275082585,0.07648710735829481,0.8524283333333333,0.031216295453686555,0.45198930251598346,0.06136870436783085,0.83342,0.023783271431827884
89,0.3935970506221056,0.07315076777373142,0.8538616666666666,0.029166472009932453,0.44657172447443,0.060729531749313836,0.83439,0.025124554169621047
90,0.3889978584647179,0.07292762068287224,0.8550133333333333,0.029487651527251097,0.45878823482990266,0.07739461291722097,0.83195,0.028436762200441237
91,0.3890852433145046,0.07512001049375339,0.8557116666666668,0.03003152155714122,0.45658135348558426,0.08300882954307781,0.8331500000000001,0.0308433407183247
92,0.38892502728104594,0.07630447822377802,0.8553383333333333,0.029841035680650014,0.4602813377380371,0.08156528936498646,0.8333100000000002,0.029042132229649454
93,0.3869783686995506,0.07682564385783534,0.856565,0.02942956065121353,0.44463817036151887,0.06582161360639201,0.8378,0.02473432163344424
94,0.3749630275517702,0.06870499793384695,0.8608983333333333,0.027610197223865325,0.4302953849434853,0.06263197288651659,0.8427000000000001,0.025516966033514936
95,0.37054282186925414,0.06954109238487745,0.8622699999999999,0.028002853470122206,0.4250040121674538,0.06781320132407975,0.8421200000000001,0.029241629381566422
96,0.36675348787009715,0.06996408012256568,0.8641333333333334,0.028050840087769768,0.43159482806921,0.08267328703453282,0.8422000000000001,0.031251524407263365
97,0.36647681590914727,0.07214733513773626,0.8636650000000001,0.02917114722198826,0.42566742521524426,0.061551838236357174,0.8438099999999998,0.025920538831847875
98,0.3608833376914263,0.07140069565368096,0.8660366666666667,0.027392378411918303,0.4405037112236022,0.06487364771296131,0.8388100000000002,0.024427373079305047
99,0.3649671093225479,0.06997015314805774,0.8631249999999998,0.029118950651372003,0.46503908073902134,0.09003129717982535,0.83446,0.02437326404074757
100,0.36988310624659065,0.05873296024532643,0.8621133333333333,0.023898800011199487,0.4842847016453743,0.10597984223138737,0.82636,0.028874679411399703
101,0.37191936971247197,0.06256325119733834,0.86223,0.02485314248456367,0.43260810297727587,0.04133310891661436,0.8414399999999999,0.01928477810778925
102,0.35676228906214236,0.06093761117349178,0.8668466666666668,0.02535871146004032,0.4287742994427681,0.04280623298757628,0.84135,0.018383884851201137
103,0.3560968219637871,0.059842055947714336,0.8670266666666666,0.024890714466777916,0.4346732221841812,0.05440414359593139,0.84008,0.02419535308920107
104,0.35621737641096113,0.062090989017101764,0.8676550000000001,0.024209536752137276,0.4416216152906417,0.06653410820575939,0.83991,0.023771198726376605
105,0.3552099010199309,0.06501149919104271,0.8677733333333334,0.02511424537961778,0.42706033039093017,0.054423352018103464,0.8418599999999999,0.022331303390333297
106,0.35304254429042337,0.07213357390552357,0.8677233333333335,0.029772183554120535,0.4469672943353653,0.08401011425510567,0.8347899999999999,0.03491352650955405
107,0.3557594654411078,0.07811446926768552,0.8662483333333333,0.03305235320622626,0.4403266845345498,0.08427473360238015,0.84188,0.02732108668735158
108,0.35210414551198477,0.07111849553657007,0.8683933333333334,0.0296901999876835,0.4435844255089759,0.0890383227199721,0.8373099999999999,0.033974841999469076
109,0.35044998839497565,0.0754266012806626,0.8693966666666666,0.030228250828457617,0.4303556297421456,0.10966933487158753,0.8445600000000001,0.03627849684500906
110,0.3466507913321256,0.0830911450382912,0.870995,0.03271905667578275,0.4300382663607597,0.09320029124241386,0.8443299999999999,0.032399007186435
111,0.3429666839689017,0.07429438755314383,0.8725799999999999,0.028693475620946922,0.40356447446346283,0.06381221511755016,0.85193,0.02583512036829799
112,0.3363667014539241,0.07373646107116355,0.8757083333333332,0.027641463587503075,0.39786854302883146,0.058015886485541075,0.8541699999999999,0.02355207233156164
113,0.33206261785328384,0.07427364805562549,0.8765933333333334,0.029368734109761624,0.38983416312932967,0.05597140762288553,0.85747,0.022382783562372232
114,0.33104764476418497,0.07333595097745098,0.87762,0.028292917579938345,0.40376640027761457,0.06949733759700599,0.85185,0.026303411270108042
115,0.33097209407389167,0.07275194252330815,0.8770433333333333,0.028917616272165294,0.4059404184222221,0.058248851361110535,0.84916,0.025087898809319727
116,0.3305516132861376,0.0682848364100138,0.8768116666666665,0.026707914915541447,0.42717247104644773,0.07432860387310948,0.8435,0.027524453773972623
117,0.3373296149671078,0.07110263167840827,0.8740316666666667,0.02818991091082929,0.4610792518854142,0.11605342494897485,0.83718,0.0350648858863425
118,0.3459140503555536,0.07843230549976211,0.8717016666666666,0.029774603323745864,0.46158485138416283,0.12481226023958139,0.8348000000000001,0.03787634852751486
119,0.3407495054602624,0.06773432958512365,0.87331,0.025658593246852154,0.4571687868237495,0.05489323032048925,0.83764,0.020035313268770658
120,0.34826261970400807,0.056590606108763805,0.8693966666666666,0.021949809189530333,0.5003020533323288,0.08655096650388279,0.82111,0.02082212765305218
121,0.356340342104435,0.05193165837250576,0.866695,0.018643802217120607,0.4729858998656272,0.0752813516971845,0.8335799999999999,0.020053639182064795
122,0.3534907559305429,0.05452378191281882,0.8675966666666666,0.021281828451104077,0.41629582655429836,0.06207801576174261,0.8489799999999998,0.02255037816879257
123,0.33130323156714436,0.05807330238092648,0.876885,0.021831694100182653,0.40595457899570464,0.062421855901516575,0.85348,0.021181165637843866
124,0.328265599668026,0.05741311464055173,0.87856,0.022118202659549217,0.4128462471365929,0.07620497985144814,0.8518100000000001,0.024490154484336495
125,0.3258450090885162,0.06112412136244853,0.8789233333333332,0.024458282951553844,0.41053297048807147,0.1135246193105705,0.85397,0.03269383394124615
126,0.32111638705432416,0.06694930952457254,0.8806049999999999,0.027572628055759094,0.3820542192459107,0.05306703647527161,0.86008,0.019900016750411677
127,0.31417107041180137,0.0619422274690107,0.8840200000000001,0.024096952832307863,0.37140448313951496,0.047352611804271166,0.8655100000000001,0.01813029692715115
128,0.3071278200000524,0.06360733439425621,0.8870233333333333,0.0245599244479475,0.37373733127117154,0.0549378536213181,0.8623099999999999,0.022541835181132303
129,0.3050477025657892,0.06500688123995141,0.8868683333333334,0.026004709271995087,0.3823268983960152,0.08354429084854435,0.86087,0.03098634286979422
130,0.3053952361345291,0.0719131074136838,0.8861116666666666,0.029450952163441742,0.3989971345663071,0.10577702702768275,0.85549,0.035546321891301184
131,0.30648690748214724,0.07234280495010811,0.88615,0.028927240568598665,0.4012372074127198,0.07547380909046171,0.8553599999999999,0.027111629321094753
132,0.3120876780450344,0.07010958244153162,0.8838800000000001,0.02845875052565525,0.4343373658955098,0.09808703423336855,0.8434400000000002,0.03616459901923735
133,0.3172599485218525,0.07324668126526,0.8819416666666665,0.028057768064574107,0.41880784437060353,0.11606183680245229,0.8510100000000002,0.035410182151465984
134,0.3124365119487047,0.07412416552280482,0.8838266666666668,0.02929051925996733,0.39367244419455527,0.06776694312933493,0.8564,0.02745638966312456
135,0.3078504597246647,0.07186760230099169,0.8859616666666668,0.028225829876590395,0.4026594673991203,0.09199709489824558,0.8540599999999999,0.03286048623431424
136,0.30519532655179493,0.07165086325746156,0.8861866666666668,0.02869157703216387,0.38950255411863327,0.039849283736389796,0.85869,0.017323551727184743
137,0.29946144291758536,0.060271006278141734,0.8889266666666668,0.02384803120998868,0.41003833878040313,0.04646321515060658,0.8513299999999999,0.017943494642906083
138,0.3051488447785377,0.054888805328156536,0.8870416666666665,0.02173584291634326,0.4938850908875465,0.24776765023990988,0.8466699999999999,0.026562883461284437
139,0.3203248241990805,0.052644902979767434,0.8823633333333334,0.01863303981747229,0.43424069333076476,0.08741898675415803,0.85143,0.02199126341679047
140,0.31579637163877483,0.04222596325910616,0.8844433333333332,0.017092582320128502,0.39424946528673166,0.03821715113812152,0.8562899999999999,0.014392857024695725
141,0.30543099637329585,0.04769094639796394,0.8866333333333334,0.018310335744101673,0.41793473720550545,0.11491877791205708,0.8524100000000001,0.02713683228873012
142,0.30805962778627877,0.05344627204291221,0.8853716666666666,0.020821819114442582,0.43274912166595464,0.12634900299026497,0.8513499999999998,0.03011785184902804
143,0.3155214701592922,0.06460150155319956,0.8835283333333332,0.023967226916132442,0.41543188235163686,0.08898689453545833,0.85314,0.02634333987093426
144,0.3083781215697527,0.05960993238647368,0.8853366666666668,0.02367865215550144,0.4246110424399376,0.10984852528223686,0.84867,0.03363506933081732
145,0.30474732814729205,0.06212326928882577,0.8861983333333334,0.024983075073406406,0.4100124272108078,0.09096955650620021,0.8519,0.031550911238821616
146,0.30450386443734173,0.07083365805646256,0.8864016666666668,0.028133797883210403,0.4326601995527744,0.09287610228883329,0.8472500000000001,0.03069517696461271
147,0.3083587103784084,0.06666127356916844,0.885955,0.025138222888660973,0.43419573044776916,0.07451990508712865,0.8457699999999999,0.01965327510167762
148,0.30874132892489436,0.06267855317123167,0.8849866666666667,0.023442016461952868,0.4526907016038894,0.09609667913967747,0.8456899999999999,0.025650707159409446
149,0.31677728869020944,0.06321054996004812,0.8837850000000002,0.02264352365645075,0.4735906082987785,0.17993644129567982,0.84178,0.0326433862622533
150,0.30649545237421993,0.056350202171118254,0.885775,0.020953003335212668,0.40503733736276637,0.06772003539307324,0.8543,0.02278527789799565
151,0.3046704643368721,0.05840620318872377,0.8863183333333333,0.02283819554881528,0.4057703161835671,0.07855817335102896,0.8515900000000001,0.027120203620998946
152,0.29575155122578145,0.05254982439238948,0.8899616666666667,0.020349136314974935,0.37524746328592296,0.034922535018291935,0.86479,0.012044311704885615
153,0.29072223848104484,0.0494638340065193,0.8924366666666668,0.019541073867657188,0.40028654056787494,0.09118819978793753,0.8597899999999999,0.023139117912698747
154,0.29180874398350715,0.0551952230896458,0.8920883333333333,0.02223681888664679,0.4435222561359405,0.2116857432477325,0.85086,0.04946649146420006
155,0.2991534805297852,0.07748300245646193,0.888795,0.03076645905993114,0.40269256046414376,0.1033413987453727,0.8580099999999999,0.029922137846974322
156,0.29786058232188223,0.07205493365900327,0.8899366666666666,0.029009902311086244,0.38954167076945306,0.07468814969116974,0.8586900000000002,0.028453839811174844
157,0.2913270672261715,0.06516896672161705,0.8929783333333333,0.024067894000201564,0.38112876451015476,0.04697917809937082,0.8618400000000002,0.017080866488559644
158,0.2877235075980425,0.05889373817348661,0.8929266666666666,0.023544965124545205,0.4003378224670887,0.06849088948136038,0.85838,0.017981644962448695
159,0.29360050782561303,0.05292375981478711,0.8909533333333334,0.020559858108267628,0.40794436967372893,0.08622598774642191,0.8561799999999999,0.02614356942389892
160,0.2884243786484003,0.05366247723220028,0.8926316666666667,0.02042991701547655,0.3965053997635841,0.10413871123789546,0.86006,0.023839891871492297
161,0.28310114762187005,0.058849951183108276,0.8949216666666666,0.02289413377070888,0.36678963667154313,0.043382980232005694,0.8679499999999999,0.01671142323881083
162,0.28206922905147075,0.0600350123060849,0.8954699999999999,0.023545485006631926,0.3614801497459411,0.04044062243898142,0.8686599999999999,0.01623297056405058
163,0.2759715762585402,0.0582879516075531,0.8982883333333334,0.022606256713409968,0.3654848942756653,0.056869488024723094,0.8668600000000002,0.02366662910795143
164,0.2752901748120785,0.06457127855779296,0.8977033333333331,0.026454579990412543,0.3626904616951942,0.05682806850531504,0.8688099999999999,0.021081505849651475
165,0.2752490140050649,0.07222456347037381,0.89915,0.026371775737624437,0.36544030913710596,0.053779186140791906,0.8676499999999999,0.02021233121966225
166,0.26884788550436495,0.05577443113043974,0.900635,0.02209160005997478,0.3797092352211476,0.061551050861096836,0.86152,0.024640472578440726
167,0.27444073104858396,0.05743442049583873,0.8976133333333334,0.02310204523039381,0.3889805648028851,0.06618493138808018,0.86076,0.02208464524405035
168,0.2762021403759718,0.05923433876248564,0.8975083333333332,0.02415318557575359,0.3698858337700367,0.04178607693547366,0.8676,0.017050708685173974
169,0.2694954197704792,0.05805304759964603,0.9003533333333333,0.022762108160300887,0.38414548626542094,0.06450123807951086,0.85964,0.025959806539255174
170,0.2707883038818836,0.06179683856963663,0.8994966666666666,0.024412813878811324,0.3640874602496624,0.04516158455049993,0.8691599999999999,0.016989944738645332
171,0.26627705155313014,0.062476546636512864,0.9014566666666666,0.024696439989361763,0.3661009386777878,0.03687698503864031,0.8667400000000001,0.014877813459421173
172,0.26872762528061866,0.0666027891796678,0.9008916666666668,0.026036538013499273,0.3802980080544948,0.043834058883160255,0.86405,0.017691947320744614
173,0.2706519140899181,0.061485836211789234,0.8997233333333334,0.024324179150754965,0.4118679044842721,0.12368482967027503,0.85472,0.03135222125747679
174,0.2733246548324823,0.056753788022524274,0.8987583333333331,0.022107871412577505,0.43156779170036313,0.15664703155666493,0.8587600000000002,0.0249000312360357
175,0.2821483310461045,0.06653729245404565,0.8971533333333334,0.023026116144312256,0.38864898860454555,0.06204478361469749,0.86202,0.020445689575610358
176,0.2718915736824274,0.05702554424302684,0.8992266666666666,0.022729275188999813,0.37345634934306143,0.05254080202650465,0.86574,0.016054227549845625
177,0.26769233307242396,0.05118699814668954,0.9010916666666666,0.020212734724963054,0.37711801755428315,0.05178336107866068,0.8659699999999999,0.01482198442254689
178,0.264572510689497,0.04875417991077143,0.9030466666666668,0.019146572074975252,0.3824236986041069,0.06468061556109565,0.8631499999999999,0.021618883206842836
179,0.26491609026491647,0.05130187947706337,0.9018533333333334,0.019962707206497444,0.3995111764371395,0.09509197069650528,0.8594800000000001,0.027215224497410376
180,0.2671845585107804,0.04617067598346075,0.9012466666666666,0.01857520882025418,0.41481176584959023,0.14758119544825202,0.8591,0.030224272806250743
181,0.26419879515469075,0.05745349779142689,0.9022233333333334,0.023406095808307163,0.3754295630156994,0.048182243980259595,0.86578,0.015601623847108594
182,0.2635226067006588,0.04764489941645052,0.9021783333333333,0.019629402942436727,0.4064258279502392,0.08788364675028369,0.8557,0.029284846289885536
183,0.26557838293910024,0.04875989308547525,0.9010433333333332,0.019321835981060683,0.41353219842910766,0.1001324457812091,0.8566999999999998,0.024176894387456436
184,0.26340877401828766,0.049170427863282545,0.9021133333333333,0.01988173955923467,0.39515246412158017,0.05965009515935613,0.8589800000000002,0.019185515369674076
185,0.2677452561408281,0.051719483649439534,0.9003466666666666,0.019919566347106822,0.40547108048200614,0.060534539415585814,0.85946,0.019408600613588255
186,0.2705533372014761,0.050852916944344996,0.8997566666666665,0.020978562249927293,0.3801146406531334,0.048537650231898974,0.8631799999999998,0.019757125296965623
187,0.2618583962321282,0.052378484860729206,0.9027933333333333,0.021340603795824767,0.37004164552688595,0.05098275341663397,0.8670199999999999,0.01828926825581971
188,0.25912613303959364,0.05661553343664498,0.9027516666666665,0.022782141113242702,0.3942574137747288,0.10475410885764139,0.8599799999999999,0.030945787722689775
189,0.25905518759787083,0.05865498538608656,0.9038983333333332,0.02370117652182097,0.38308973461389534,0.05388874595340097,0.86423,0.017315057673083938
190,0.2590738157629967,0.05076990338784935,0.9033950000000001,0.02014757291696558,0.3958387143015861,0.0635198655886361,0.86028,0.015960284040914385
191,0.260388160943985,0.0416630185690166,0.9033100000000001,0.015991948591497076,0.3899104625880718,0.06239834031297814,0.86309,0.015505658465361758
192,0.255978086411953,0.040235232072701244,0.9047866666666667,0.015016202771640102,0.3664519649446011,0.052592062086031906,0.86897,0.01659270589412374
193,0.2490444528907537,0.039798956043775785,0.9079233333333334,0.015625600630431075,0.353966431170702,0.028010663447425078,0.8744500000000001,0.009118144304383192
194,0.24653371377289296,0.039722502117602684,0.9090250000000001,0.014872404327943288,0.36260606169700627,0.05852986909009484,0.8711,0.01852481818774178
195,0.2409296377450228,0.03959457719770547,0.9108649999999999,0.015041113306739398,0.3505227309763431,0.031027487694032685,0.87592,0.00966261984258007
196,0.2406468644142151,0.03840144648589685,0.9109633333333333,0.014662372687921523,0.35288562947511676,0.03632656214523876,0.87327,0.013325752011300013
197,0.23949063490331174,0.040217118391945125,0.9115733333333331,0.015437832717462179,0.3651133403778076,0.04551344303430328,0.8702100000000002,0.014784184492595803
198,0.24203155542910096,0.043693749489389505,0.9105800000000001,0.01766247644227938,0.37789324098825455,0.047528585659674175,0.8672000000000001,0.017739911060781675
199,0.24388878192007546,0.048369947684663336,0.9096949999999999,0.019316827324931854,0.4160103702247143,0.1508020265192718,0.85908,0.037133087970464045
200,0.2488391609638929,0.07084928203702782,0.90816,0.026301792174772774,0.4727171835303306,0.28252175103182914,0.8556799999999999,0.04933303603514025
201,0.2688859115988016,0.11666090663456674,0.9029100000000001,0.03740827399069573,0.44591776496171953,0.18872171197960533,0.8502000000000001,0.04473641320743835
202,0.26011767414212233,0.09842690683453861,0.9034133333333335,0.03711697126053734,0.4045505061149597,0.10546720535161645,0.85566,0.03663811615729658
203,0.257113146096468,0.08824388832046191,0.9042183333333333,0.03451992397492453,0.3969917236864567,0.044396258370519616,0.8600899999999999,0.01753672020520243
204,0.25667400695383547,0.07538118714602349,0.9046166666666666,0.028184029274978414,0.41649558660388,0.05722437797974996,0.8564999999999999,0.014289545518004116
205,0.25616630704700943,0.06583098379414336,0.9056316666666666,0.023940731150587084,0.4401635963916778,0.12342998583182047,0.84802,0.028939008659976978
206,0.25709361797571184,0.06502578667387487,0.9046283333333334,0.024916589309925748,0.3957273734807968,0.07535122784792721,0.86338,0.021626824906942694
207,0.2487425679564476,0.062188937524487245,0.9079349999999999,0.023973253421878924,0.37202474239468575,0.04060266136543052,0.86785,0.01567717732529963
208,0.24197294658422472,0.06322169892969717,0.9107116666666666,0.023918250754095708,0.36983711177110673,0.04364603347228363,0.8677699999999999,0.01711354564210599
209,0.24271468845009805,0.06479303038321449,0.9098616666666668,0.025438047534071462,0.3640512275695801,0.03900753090952291,0.8701099999999998,0.013699671528909023
210,0.23926936360448597,0.05663774508129894,0.9112399999999999,0.022374578001400167,0.3770801162719727,0.06551451690277055,0.8683400000000001,0.015864719768509377
211,0.23952256741374733,0.05166334186877265,0.9111116666666664,0.020011857673161264,0.36603804910182947,0.051345279338189075,0.87102,0.014800360355973331
212,0.23657055947929623,0.04735857849752196,0.9125483333333333,0.018221135553642066,0.3659771891534328,0.03550349979463092,0.87062,0.01218868327589162
213,0.23426321402192118,0.048661259741531106,0.91307,0.01866077420224466,0.3882834483385086,0.07116985043893134,0.8646800000000001,0.015413904257015613
214,0.2360963027477264,0.04477278705246786,0.912885,0.016887935736992557,0.3628819831609726,0.05829090069576482,0.8713799999999999,0.019424543466678622
215,0.23083768735826013,0.04952040236371629,0.9148499999999998,0.018964870057458755,0.37961163017153743,0.10501946776258282,0.86722,0.025399641292305253
216,0.22977522344887258,0.05408288692324993,0.9146766666666666,0.022116497389734265,0.3798545186519623,0.0672466757111866,0.86715,0.02022766257710794
217,0.23771142956614494,0.05755527031064659,0.9123683333333334,0.022475397317242275,0.4075210247635841,0.09234767935553961,0.85739,0.02843899709123998
218,0.24590534843504427,0.0655354659106437,0.9085216666666666,0.02612283430683244,0.398706406980753,0.077538421508597,0.8644700000000001,0.02124089608906987
219,0.2467795434743166,0.06745006074780542,0.9084399999999999,0.026592806508992112,0.3954899663627148,0.07457284659308647,0.86344,0.023025502769272562
220,0.24188077057898044,0.06600566163284262,0.9097083333333333,0.026229690850232367,0.3565765287578106,0.02632820187105501,0.87213,0.012187520940152945
221,0.2369006065353751,0.06273528003020555,0.9128916666666667,0.024169416510218953,0.3725005829334259,0.0314800089626195,0.8665600000000001,0.013316672924487493
222,0.23691147993505002,0.05706073332476392,0.9115949999999999,0.02245641464352616,0.41685011300444597,0.10573137054967825,0.8582999999999998,0.02760607823569939
223,0.23974572885781525,0.05358736718644094,0.9105683333333333,0.02117529635981345,0.4017498790323735,0.09911064874079507,0.86374,0.021899578889913732
224,0.23308802075684074,0.051660811264930134,0.9133533333333335,0.020048915182622758,0.36727579051256176,0.04929501795936818,0.8724700000000001,0.013079164941063924
225,0.23030473288893702,0.04577714516705,0.9149833333333334,0.017919275434536,0.3728968105912208,0.07845911197349109,0.8713400000000002,0.018178020916602686
226,0.22407253278791903,0.04402034360971592,0.9174283333333332,0.017048621554647207,0.3640510670244694,0.07573644582446941,0.87112,0.021162009986451333
227,0.22336983405053618,0.04458346976455198,0.9175533333333334,0.01708623697094123,0.3683794438838959,0.10732136976654173,0.87614,0.019737792289018653
228,0.22206697784364224,0.04607367587394168,0.9188683333333334,0.01798181085444231,0.3438191764056683,0.04959828340271544,0.8785499999999999,0.01245152824176841
229,0.2167747968286276,0.04524659047049698,0.9206516666666669,0.018200672301380047,0.3817828574776649,0.12821932128608307,0.8709299999999999,0.02375168064229002
230,0.224496326982975,0.05272332270470445,0.9177799999999999,0.020293021363251493,0.3763308316171169,0.07064939887434993,0.8688499999999999,0.018924719284575935
231,0.2212930381894112,0.048596837600014334,0.9180499999999998,0.019291245695750876,0.3937320725917817,0.05452876709569968,0.8648100000000001,0.0181430396816214
232,0.22608544674515724,0.04375764790623184,0.9166433333333333,0.017882036644854032,0.3852764250636101,0.06076958806262492,0.8675900000000001,0.017112662628072324
233,0.22505223471671343,0.04497043180103824,0.9162099999999999,0.017912884527589767,0.3871509783864021,0.08885890929387691,0.8663400000000001,0.020434078289845985
234,0.22437538138031962,0.04197844688975507,0.9162183333333334,0.01668524418331328,0.4097428960204124,0.10799219572983926,0.86208,0.028269724677352847
235,0.2285663941279054,0.037000019216804896,0.9149466666666666,0.015022838169489353,0.4358719809651375,0.1306664379112721,0.85734,0.024818953330961496
236,0.23569414243102074,0.042654031551174046,0.913185,0.015601312563489752,0.4233987976014615,0.14958251769786088,0.86248,0.024774215987146308
237,0.23513536307215693,0.03934603495599852,0.914255,0.013861221442446694,0.3636110301017761,0.039582366978177325,0.8700100000000001,0.013923158166642137
238,0.22289472763240342,0.03755813617045685,0.9172466666666667,0.014604761611488064,0.3610105566382408,0.04037643776289912,0.8734,0.011765202930676557
239,0.2170858955085277,0.038161359408367145,0.9197366666666668,0.014974947803862129,0.37171223556995386,0.04425827822981519,0.87044,0.013262076257760947
240,0.21613147737830873,0.03871401888939837,0.9203433333333333,0.015579505768797712,0.3622992457747459,0.05310224929220843,0.87266,0.015289371762400479
241,0.21369095465540888,0.045150016473119815,0.9210783333333333,0.018493632621279826,0.3568762654960156,0.054274258475227544,0.87414,0.01925866038954941
242,0.21124206516891722,0.04860237362123269,0.9216749999999999,0.02016021973780398,0.35979587087035175,0.029537279742363157,0.87424,0.009486739282926574
243,0.2103493105918169,0.0448390741505737,0.9222266666666668,0.01845235640210004,0.35582543948292733,0.036076298437553986,0.8756599999999999,0.01128146956542257
244,0.205715462975204,0.040932160439163694,0.9245216666666668,0.016574742889464394,0.36506196194887164,0.05356304659348811,0.87126,0.01322751341375664
245,0.2064854495450854,0.04208090025966322,0.9240066666666664,0.017153918675507522,0.355984363168478,0.03810310426264233,0.8755900000000001,0.012020209833627891
246,0.20319295716285707,0.04247751874392051,0.9254733333333334,0.01762440647805495,0.34855143019557,0.044066459148441595,0.8784700000000001,0.014406329627401055
247,0.20182774302363393,0.04430555991099918,0.926225,0.018348046705337143,0.35076901659369464,0.0396646110024564,0.8754,0.014418275440102605
248,0.20355321438610555,0.048359859141342935,0.925205,0.02046093545343492,0.3651939103007317,0.04706320736021506,0.8731399999999999,0.015603432670765466
249,0.2101327882036567,0.05286938215126432,0.9223933333333333,0.02190940127428254,0.3766336547136307,0.03355875751095075,0.86966,0.011999925925697302
250,0.21787436090409756,0.055978110316554267,0.9190699999999998,0.022892550677965272,0.3971368715763092,0.03982092567077544,0.8627799999999999,0.010655181316565615
251,0.22255652106553314,0.050936996607521504,0.91679,0.020597075484605,0.40838191586732864,0.06803832432162585,0.86363,0.016842871884964666
252,0.23284103201329706,0.044470748291011095,0.9139533333333334,0.016642357827966376,0.43562136492133147,0.1829349247039101,0.8573299999999999,0.04039048430289269
253,0.22724627602845432,0.05199670011380837,0.9149466666666666,0.020091004067603106,0.36611341801285746,0.03318514265173414,0.8726100000000001,0.010021693137056913
254,0.21681656603515148,0.047245614011069206,0.9192150000000001,0.018674149376565228,0.36952162623405455,0.04881650126246035,0.8714000000000001,0.016377694858828208
255,0.21413329895585775,0.044823186882566875,0.92045,0.01782402145254377,0.37481586781144144,0.05026057334590319,0.8696699999999999,0.01770687562627705
256,0.20925222658365966,0.042591144010675624,0.9229566666666669,0.016603839359662663,0.4000807221829891,0.15163419298976633,0.8697100000000001,0.02283639638822199
257,0.20885377064347269,0.04684762539958181,0.9237316666666668,0.01786614401184131,0.3662422921955586,0.06648278193343168,0.8748699999999999,0.018557301647719297
258,0.2044425970539451,0.048940036335223557,0.9248316666666667,0.019232611915990783,0.34435001829266554,0.03879469217778657,0.8786099999999999,0.013189090609708869
259,0.20017833487689493,0.050235660828610904,0.9266333333333334,0.019915489659937145,0.3487036941349506,0.016413462137654104,0.87957,0.008523438273373011
260,0.20194898194074634,0.04646173080094855,0.9257733333333332,0.018496454782097348,0.3880771201848983,0.07143796291245078,0.86901,0.017001467256942526
261,0.21680964887887239,0.055535419228250164,0.9215450000000001,0.019616151461184967,0.3975169002115726,0.08631112932237323,0.8688699999999999,0.015150874562215876
262,0.22829420812427997,0.07948305239048054,0.920195,0.02348674705098682,0.4057105222940445,0.0824379691419875,0.8631400000000001,0.020239411497812325
263,0.22089828835427766,0.062189996826035064,0.9192316666666667,0.023836020892240115,0.4188761951625347,0.10690939041508445,0.85978,0.026166509553668418
264,0.2266886353418231,0.06803773246558756,0.9163833333333333,0.026039261666724496,0.39433784544467926,0.07816417661141285,0.8680499999999999,0.019400587047246252
265,0.21903910955041644,0.05694219522396427,0.9193933333333332,0.023165699686720168,0.39342367950081825,0.07709844764279693,0.86405,0.024785356339760173
266,0.21598347941786056,0.05776495432876539,0.9203466666666668,0.02405967734767183,0.37935320287942886,0.07000605548488475,0.8689,0.01914860018092415
267,0.2154484191983938,0.06468649050426886,0.9211833333333332,0.024791678960470017,0.36103830769658085,0.06825423204424944,0.8747100000000001,0.018641140284626125
268,0.20473585262149574,0.05586725264929554,0.9247916666666667,0.023788162646550978,0.33820295450091364,0.018971186234277456,0.88124,0.006385434815091098
269,0.19887446256726982,0.04801278843410748,0.927065,0.020390736292326683,0.3415344289839267,0.027937538228341434,0.8804599999999999,0.008925892423481017
270,0.19841589330136775,0.043846445832431774,0.9267233333333333,0.017723819503080523,0.36241646215319634,0.04921467230288611,0.87422,0.013726681236838626
271,0.19882954603433614,0.04212881558785726,0.9267433333333333,0.017056096987424878,0.3858416459858418,0.07579274898394149,0.8703299999999998,0.016215907827397957
272,0.20636821983009573,0.03959359017057663,0.9244766666666667,0.017099771134126494,0.36986045518517496,0.04610314130026239,0.87191,0.016951070107157802
273,0.204086303524673,0.051743851252211634,0.92386,0.021367205748096335,0.372131790459156,0.04931213262073463,0.8713,0.01620102877391843
274,0.20314088387787343,0.053188313400763944,0.9244816666666665,0.02187801259678738,0.35752616074681276,0.04178882026825609,0.877,0.007994025546897153
275,0.1984567053318024,0.044522071223366315,0.9271649999999999,0.018343999338432018,0.36111049476265905,0.03735205349876772,0.8763,0.011155267813907415
276,0.19644761209189893,0.046665779493502015,0.9272566666666666,0.019128646993513958,0.36213990104198457,0.04528617717784696,0.8745100000000001,0.012712413006366784
277,0.19432634630799295,0.03772466518878764,0.9280616666666666,0.015030255597737947,0.3603558372557163,0.05206792857076895,0.8778599999999999,0.01152149681633812
278,0.19730343747884035,0.03546260758080843,0.9268966666666667,0.014277889753127727,0.3802123834788799,0.08381736657722091,0.8709999999999999,0.019788268129261734
279,0.1950353322476149,0.035693513872267324,0.9282266666666666,0.01443013222563753,0.3767754618227482,0.10158610067176235,0.87206,0.02426818676557625
280,0.1911693715751171,0.03965994556787063,0.9295633333333333,0.016114585449136784,0.3565315628647804,0.060460664580337914,0.8793000000000001,0.014240084269413518
281,0.18897630285471675,0.04041718811650003,0.930495,0.017025915341322372,0.3660797712504863,0.058241384567898145,0.8739399999999998,0.015833242105000308
282,0.18908475455641746,0.0400019925111205,0.9302150000000001,0.016190971516310416,0.36906011602282524,0.04609556021748855,0.8763200000000001,0.012373699707219528
283,0.1874835372194648,0.03816148881231903,0.9306000000000001,0.01585618039724966,0.37916220131516465,0.07746933691144277,0.8730800000000001,0.017188937010634394
284,0.19025657326728107,0.037061051776310014,0.9299199999999999,0.015436156449256597,0.3694715771377086,0.04453344866542611,0.8743599999999999,0.013726066038340666
285,0.18668787498772146,0.040471714796224925,0.9309916666666667,0.016304082367672595,0.35946361637115476,0.03452339472543302,0.87601,0.011134176614769922
286,0.1916432888582349,0.037238696759041165,0.9285833333333333,0.015661309170636795,0.3945420169532299,0.11256779820752957,0.8731399999999999,0.018649944891190498
287,0.20818556107580663,0.05462394263042652,0.9241483333333333,0.019888264189444352,0.4315175572037697,0.21796815850932785,0.86355,0.032856159578109896
288,0.20695370132476093,0.058859142410026266,0.9241783333333334,0.022665985896639644,0.39461044806241985,0.1279160133307262,0.8721400000000001,0.022707766659596132
289,0.20646437288820746,0.05957310750392152,0.9233183333333332,0.024996350906521823,0.3943492485880852,0.06389791558302045,0.87005,0.015903126876323514
290,0.20361449851095675,0.06237428631854504,0.9254199999999999,0.024517175637388706,0.3626156386435032,0.038976772703419704,0.8750500000000001,0.012687811298863027
291,0.19041516088694335,0.0518928199634748,0.9300049999999999,0.021940309104027,0.36829660922288887,0.04492109528320973,0.8744500000000001,0.015159393860647012
292,0.19267058098316192,0.05353801127669959,0.9293183333333335,0.02159154848660431,0.39060101079940795,0.08409453452516177,0.8698600000000001,0.01933064349104235
293,0.1939152578487992,0.04920656621631169,0.9284333333333334,0.020596669094243826,0.42178285220265394,0.13125762481094833,0.8648800000000001,0.03147216759826582
294,0.20060198695212605,0.05255055082017633,0.9265033333333333,0.021469929876198727,0.4096807244718074,0.09894717652374678,0.86438,0.022011401086204793
295,0.19967235903441907,0.04832971913430821,0.9263683333333332,0.019787590340450283,0.3801802243888378,0.06304929424039454,0.87044,0.01719212998244644
296,0.19528322697430847,0.04393486062012605,0.9277833333333332,0.017791135606611483,0.376164741575718,0.06557057542044938,0.8754200000000001,0.014981826027260885
297,0.1926064201965928,0.04064249783895053,0.9290416666666665,0.016410169329029094,0.3558729102313519,0.04505206542423091,0.87654,0.014230265086935116
298,0.18802034185081717,0.036384826888867815,0.9308099999999999,0.015068885447901402,0.3653145144879818,0.0683419594136073,0.8759500000000001,0.016669149815019192
299,0.18376274265348913,0.03754299518671825,0.9322216666666666,0.014909229575776561,0.35068516626954077,0.045286418251936564,0.88059,0.010817521794652337
